The position.    by Zhang Lu,Email:Zhanglu11@stu.xjtu.edu.cn
    Time (UTC)    Target_Pos (x y z(km))   Sun_pos(x,y,z(km))  Moon_pos(x,y,z(km)) Earth2Sun(km)   Earth2Moon(km)  Sun2Moon(km)
-------------------    ---------    ---------
2014-12-10T12:10:00   -4.34069434e+03   -5.57912549e+03   -1.41717737e+03   -3.02867207e+07   -1.32280778e+08   -5.73459415e+07   -2.25294792e+05    3.16297524e+05    1.00243530e+05    1.47316480e+08    4.03435484e+05    1.47599925e+08
2014-12-10T12:10:01   -4.34072803e+03   -5.57727490e+03   -1.42437964e+03   -3.02866911e+07   -1.32280784e+08   -5.73459439e+07   -2.25295619e+05    3.16297033e+05    1.00243342e+05    1.47316479e+08    4.03435818e+05    1.47599925e+08
2014-12-10T12:10:02   -4.34075635e+03   -5.57541846e+03   -1.43158008e+03   -3.02866615e+07   -1.32280789e+08   -5.73459463e+07   -2.25296446e+05    3.16296543e+05    1.00243155e+05    1.47316477e+08    4.03436151e+05    1.47599924e+08
2014-12-10T12:10:03   -4.34077930e+03   -5.57355615e+03   -1.43877917e+03   -3.02866318e+07   -1.32280795e+08   -5.73459487e+07   -2.25297272e+05    3.16296052e+05    1.00242968e+05    1.47316476e+08    4.03436481e+05    1.47599923e+08
2014-12-10T12:10:04   -4.34079932e+03   -5.57168750e+03   -1.44597693e+03   -3.02866022e+07   -1.32280800e+08   -5.73459511e+07   -2.25298099e+05    3.16295561e+05    1.00242780e+05    1.47316475e+08    4.03436808e+05    1.47599922e+08
2014-12-10T12:10:05   -4.34081348e+03   -5.56981348e+03   -1.45317297e+03   -3.02865726e+07   -1.32280806e+08   -5.73459535e+07   -2.25298926e+05    3.16295071e+05    1.00242593e+05    1.47316473e+08    4.03437133e+05    1.47599921e+08
2014-12-10T12:10:06   -4.34082373e+03   -5.56793311e+03   -1.46036731e+03   -3.02865430e+07   -1.32280811e+08   -5.73459559e+07   -2.25299753e+05    3.16294580e+05    1.00242406e+05    1.47316472e+08    4.03437455e+05    1.47599920e+08
2014-12-10T12:10:07   -4.34082910e+03   -5.56604688e+03   -1.46756018e+03   -3.02865133e+07   -1.32280817e+08   -5.73459583e+07   -2.25300580e+05    3.16294090e+05    1.00242218e+05    1.47316471e+08    4.03437775e+05    1.47599920e+08
2014-12-10T12:10:08   -4.34082910e+03   -5.56415430e+03   -1.47475146e+03   -3.02864837e+07   -1.32280822e+08   -5.73459606e+07   -2.25301407e+05    3.16293599e+05    1.00242031e+05    1.47316469e+08    4.03438092e+05    1.47599919e+08
2014-12-10T12:10:09   -4.34082568e+03   -5.56225635e+03   -1.48194116e+03   -3.02864541e+07   -1.32280828e+08   -5.73459630e+07   -2.25302233e+05    3.16293109e+05    1.00241844e+05    1.47316468e+08    4.03438407e+05    1.47599918e+08
2014-12-10T12:10:10   -4.34081689e+03   -5.56035254e+03   -1.48912939e+03   -3.02864244e+07   -1.32280833e+08   -5.73459654e+07   -2.25303060e+05    3.16292618e+05    1.00241656e+05    1.47316467e+08    4.03438719e+05    1.47599917e+08
2014-12-10T12:10:11   -4.34080371e+03   -5.55844287e+03   -1.49631628e+03   -3.02863948e+07   -1.32280839e+08   -5.73459678e+07   -2.25303887e+05    3.16292127e+05    1.00241469e+05    1.47316466e+08    4.03439030e+05    1.47599916e+08
2014-12-10T12:10:12   -4.34078564e+03   -5.55652686e+03   -1.50350122e+03   -3.02863652e+07   -1.32280844e+08   -5.73459702e+07   -2.25304714e+05    3.16291637e+05    1.00241282e+05    1.47316464e+08    4.03439337e+05    1.47599916e+08
2014-12-10T12:10:13   -4.34076367e+03   -5.55460449e+03   -1.51068445e+03   -3.02863356e+07   -1.32280850e+08   -5.73459726e+07   -2.25305541e+05    3.16291146e+05    1.00241094e+05    1.47316463e+08    4.03439641e+05    1.47599915e+08
2014-12-10T12:10:14   -4.34073730e+03   -5.55267676e+03   -1.51786633e+03   -3.02863059e+07   -1.32280855e+08   -5.73459750e+07   -2.25306367e+05    3.16290656e+05    1.00240907e+05    1.47316462e+08    4.03439944e+05    1.47599914e+08
2014-12-10T12:10:15   -4.34070508e+03   -5.55074316e+03   -1.52504639e+03   -3.02862763e+07   -1.32280861e+08   -5.73459774e+07   -2.25307194e+05    3.16290165e+05    1.00240720e+05    1.47316461e+08    4.03440244e+05    1.47599913e+08
2014-12-10T12:10:16   -4.34066797e+03   -5.54880371e+03   -1.53222473e+03   -3.02862467e+07   -1.32280867e+08   -5.73459798e+07   -2.25308021e+05    3.16289674e+05    1.00240532e+05    1.47316459e+08    4.03440542e+05    1.47599912e+08
2014-12-10T12:10:17   -4.34062793e+03   -5.54685840e+03   -1.53940149e+03   -3.02862171e+07   -1.32280872e+08   -5.73459822e+07   -2.25308848e+05    3.16289184e+05    1.00240345e+05    1.47316458e+08    4.03440837e+05    1.47599911e+08
2014-12-10T12:10:18   -4.34058154e+03   -5.54490723e+03   -1.54657678e+03   -3.02861874e+07   -1.32280878e+08   -5.73459846e+07   -2.25309675e+05    3.16288693e+05    1.00240157e+05    1.47316457e+08    4.03441130e+05    1.47599911e+08
2014-12-10T12:10:19   -4.34053174e+03   -5.54294971e+03   -1.55375049e+03   -3.02861578e+07   -1.32280883e+08   -5.73459870e+07   -2.25310501e+05    3.16288203e+05    1.00239970e+05    1.47316456e+08    4.03441420e+05    1.47599910e+08
2014-12-10T12:10:20   -4.34047705e+03   -5.54098682e+03   -1.56092236e+03   -3.02861282e+07   -1.32280889e+08   -5.73459894e+07   -2.25311328e+05    3.16287712e+05    1.00239783e+05    1.47316454e+08    4.03441708e+05    1.47599909e+08
2014-12-10T12:10:21   -4.34041797e+03   -5.53901758e+03   -1.56809277e+03   -3.02860986e+07   -1.32280894e+08   -5.73459918e+07   -2.25312155e+05    3.16287221e+05    1.00239595e+05    1.47316453e+08    4.03441993e+05    1.47599908e+08
2014-12-10T12:10:22   -4.34035352e+03   -5.53704297e+03   -1.57526135e+03   -3.02860689e+07   -1.32280900e+08   -5.73459942e+07   -2.25312982e+05    3.16286731e+05    1.00239408e+05    1.47316452e+08    4.03442277e+05    1.47599907e+08
2014-12-10T12:10:23   -4.34028564e+03   -5.53506250e+03   -1.58242822e+03   -3.02860393e+07   -1.32280905e+08   -5.73459965e+07   -2.25313808e+05    3.16286240e+05    1.00239221e+05    1.47316451e+08    4.03442557e+05    1.47599906e+08
2014-12-10T12:10:24   -4.34021143e+03   -5.53307520e+03   -1.58959338e+03   -3.02860097e+07   -1.32280911e+08   -5.73459989e+07   -2.25314635e+05    3.16285750e+05    1.00239033e+05    1.47316450e+08    4.03442835e+05    1.47599906e+08
2014-12-10T12:10:25   -4.34013379e+03   -5.53108301e+03   -1.59675684e+03   -3.02859800e+07   -1.32280916e+08   -5.73460013e+07   -2.25315462e+05    3.16285259e+05    1.00238846e+05    1.47316448e+08    4.03443111e+05    1.47599905e+08
2014-12-10T12:10:26   -4.34005127e+03   -5.52908398e+03   -1.60391895e+03   -3.02859504e+07   -1.32280922e+08   -5.73460037e+07   -2.25316289e+05    3.16284768e+05    1.00238659e+05    1.47316447e+08    4.03443384e+05    1.47599904e+08
2014-12-10T12:10:27   -4.33996387e+03   -5.52708057e+03   -1.61107898e+03   -3.02859208e+07   -1.32280927e+08   -5.73460061e+07   -2.25317116e+05    3.16284278e+05    1.00238471e+05    1.47316446e+08    4.03443655e+05    1.47599903e+08
2014-12-10T12:10:28   -4.33987256e+03   -5.52507031e+03   -1.61823730e+03   -3.02858912e+07   -1.32280933e+08   -5.73460085e+07   -2.25317942e+05    3.16283787e+05    1.00238284e+05    1.47316445e+08    4.03443923e+05    1.47599902e+08
2014-12-10T12:10:29   -4.33977588e+03   -5.52305371e+03   -1.62539392e+03   -3.02858615e+07   -1.32280938e+08   -5.73460109e+07   -2.25318769e+05    3.16283297e+05    1.00238097e+05    1.47316444e+08    4.03444189e+05    1.47599902e+08
2014-12-10T12:10:30   -4.33967529e+03   -5.52103174e+03   -1.63254895e+03   -3.02858319e+07   -1.32280944e+08   -5.73460133e+07   -2.25319596e+05    3.16282806e+05    1.00237909e+05    1.47316443e+08    4.03444452e+05    1.47599901e+08
2014-12-10T12:10:31   -4.33956885e+03   -5.51900439e+03   -1.63970203e+03   -3.02858023e+07   -1.32280949e+08   -5.73460157e+07   -2.25320423e+05    3.16282315e+05    1.00237722e+05    1.47316441e+08    4.03444713e+05    1.47599900e+08
2014-12-10T12:10:32   -4.33945898e+03   -5.51697119e+03   -1.64685327e+03   -3.02857727e+07   -1.32280955e+08   -5.73460181e+07   -2.25321249e+05    3.16281825e+05    1.00237535e+05    1.47316440e+08    4.03444972e+05    1.47599899e+08
2014-12-10T12:10:33   -4.33934424e+03   -5.51493115e+03   -1.65400317e+03   -3.02857430e+07   -1.32280960e+08   -5.73460205e+07   -2.25322076e+05    3.16281334e+05    1.00237347e+05    1.47316439e+08    4.03445227e+05    1.47599898e+08
2014-12-10T12:10:34   -4.33922461e+03   -5.51288525e+03   -1.66115112e+03   -3.02857134e+07   -1.32280966e+08   -5.73460229e+07   -2.25322903e+05    3.16280843e+05    1.00237160e+05    1.47316438e+08    4.03445481e+05    1.47599897e+08
2014-12-10T12:10:35   -4.33910010e+03   -5.51083398e+03   -1.66829724e+03   -3.02856838e+07   -1.32280971e+08   -5.73460253e+07   -2.25323730e+05    3.16280353e+05    1.00236973e+05    1.47316437e+08    4.03445732e+05    1.47599897e+08
2014-12-10T12:10:36   -4.33897168e+03   -5.50877686e+03   -1.67544141e+03   -3.02856541e+07   -1.32280977e+08   -5.73460277e+07   -2.25324557e+05    3.16279862e+05    1.00236785e+05    1.47316436e+08    4.03445980e+05    1.47599896e+08
2014-12-10T12:10:37   -4.33883838e+03   -5.50671387e+03   -1.68258398e+03   -3.02856245e+07   -1.32280982e+08   -5.73460300e+07   -2.25325383e+05    3.16279372e+05    1.00236598e+05    1.47316435e+08    4.03446226e+05    1.47599895e+08
2014-12-10T12:10:38   -4.33870068e+03   -5.50464453e+03   -1.68972473e+03   -3.02855949e+07   -1.32280988e+08   -5.73460324e+07   -2.25326210e+05    3.16278881e+05    1.00236410e+05    1.47316434e+08    4.03446469e+05    1.47599894e+08
2014-12-10T12:10:39   -4.33855811e+03   -5.50256982e+03   -1.69686377e+03   -3.02855653e+07   -1.32280993e+08   -5.73460348e+07   -2.25327037e+05    3.16278390e+05    1.00236223e+05    1.47316433e+08    4.03446711e+05    1.47599893e+08
2014-12-10T12:10:40   -4.33841113e+03   -5.50048926e+03   -1.70400073e+03   -3.02855356e+07   -1.32280999e+08   -5.73460372e+07   -2.25327864e+05    3.16277900e+05    1.00236036e+05    1.47316431e+08    4.03446949e+05    1.47599892e+08
2014-12-10T12:10:41   -4.33825928e+03   -5.49840186e+03   -1.71113635e+03   -3.02855060e+07   -1.32281005e+08   -5.73460396e+07   -2.25328690e+05    3.16277409e+05    1.00235848e+05    1.47316430e+08    4.03447185e+05    1.47599892e+08
2014-12-10T12:10:42   -4.33810303e+03   -5.49630957e+03   -1.71826990e+03   -3.02854764e+07   -1.32281010e+08   -5.73460420e+07   -2.25329517e+05    3.16276918e+05    1.00235661e+05    1.47316429e+08    4.03447418e+05    1.47599891e+08
2014-12-10T12:10:43   -4.33794238e+03   -5.49421143e+03   -1.72540161e+03   -3.02854468e+07   -1.32281016e+08   -5.73460444e+07   -2.25330344e+05    3.16276428e+05    1.00235474e+05    1.47316428e+08    4.03447649e+05    1.47599890e+08
2014-12-10T12:10:44   -4.33777637e+03   -5.49210742e+03   -1.73253125e+03   -3.02854171e+07   -1.32281021e+08   -5.73460468e+07   -2.25331171e+05    3.16275937e+05    1.00235286e+05    1.47316427e+08    4.03447878e+05    1.47599889e+08
2014-12-10T12:10:45   -4.33760645e+03   -5.48999756e+03   -1.73965918e+03   -3.02853875e+07   -1.32281027e+08   -5.73460492e+07   -2.25331997e+05    3.16275446e+05    1.00235099e+05    1.47316426e+08    4.03448105e+05    1.47599888e+08
2014-12-10T12:10:46   -4.33743115e+03   -5.48788184e+03   -1.74678540e+03   -3.02853579e+07   -1.32281032e+08   -5.73460516e+07   -2.25332824e+05    3.16274956e+05    1.00234912e+05    1.47316425e+08    4.03448329e+05    1.47599887e+08
2014-12-10T12:10:47   -4.33725146e+03   -5.48576025e+03   -1.75390967e+03   -3.02853283e+07   -1.32281038e+08   -5.73460540e+07   -2.25333651e+05    3.16274465e+05    1.00234724e+05    1.47316424e+08    4.03448550e+05    1.47599887e+08
2014-12-10T12:10:48   -4.33706738e+03   -5.48363281e+03   -1.76103210e+03   -3.02852986e+07   -1.32281043e+08   -5.73460564e+07   -2.25334478e+05    3.16273975e+05    1.00234537e+05    1.47316423e+08    4.03448769e+05    1.47599886e+08
2014-12-10T12:10:49   -4.33687842e+03   -5.48149951e+03   -1.76815259e+03   -3.02852690e+07   -1.32281049e+08   -5.73460588e+07   -2.25335304e+05    3.16273484e+05    1.00234349e+05    1.47316422e+08    4.03448986e+05    1.47599885e+08
2014-12-10T12:10:50   -4.33668555e+03   -5.47936084e+03   -1.77527124e+03   -3.02852394e+07   -1.32281054e+08   -5.73460612e+07   -2.25336131e+05    3.16272993e+05    1.00234162e+05    1.47316421e+08    4.03449200e+05    1.47599884e+08
2014-12-10T12:10:51   -4.33648730e+03   -5.47721533e+03   -1.78238794e+03   -3.02852097e+07   -1.32281060e+08   -5.73460635e+07   -2.25336958e+05    3.16272503e+05    1.00233975e+05    1.47316420e+08    4.03449411e+05    1.47599883e+08
2014-12-10T12:10:52   -4.33628467e+03   -5.47506445e+03   -1.78950281e+03   -3.02851801e+07   -1.32281065e+08   -5.73460659e+07   -2.25337785e+05    3.16272012e+05    1.00233787e+05    1.47316419e+08    4.03449620e+05    1.47599883e+08
2014-12-10T12:10:53   -4.33607715e+03   -5.47290771e+03   -1.79661560e+03   -3.02851505e+07   -1.32281071e+08   -5.73460683e+07   -2.25338611e+05    3.16271521e+05    1.00233600e+05    1.47316418e+08    4.03449827e+05    1.47599882e+08
2014-12-10T12:10:54   -4.33586572e+03   -5.47074609e+03   -1.80372668e+03   -3.02851209e+07   -1.32281076e+08   -5.73460707e+07   -2.25339438e+05    3.16271031e+05    1.00233413e+05    1.47316417e+08    4.03450031e+05    1.47599881e+08
2014-12-10T12:10:55   -4.33564990e+03   -5.46857764e+03   -1.81083569e+03   -3.02850912e+07   -1.32281082e+08   -5.73460731e+07   -2.25340265e+05    3.16270540e+05    1.00233225e+05    1.47316416e+08    4.03450232e+05    1.47599880e+08
2014-12-10T12:10:56   -4.33542822e+03   -5.46640332e+03   -1.81794299e+03   -3.02850616e+07   -1.32281087e+08   -5.73460755e+07   -2.25341092e+05    3.16270049e+05    1.00233038e+05    1.47316415e+08    4.03450432e+05    1.47599879e+08
2014-12-10T12:10:57   -4.33520215e+03   -5.46422314e+03   -1.82504810e+03   -3.02850320e+07   -1.32281093e+08   -5.73460779e+07   -2.25341918e+05    3.16269559e+05    1.00232851e+05    1.47316414e+08    4.03450628e+05    1.47599878e+08
2014-12-10T12:10:58   -4.33497217e+03   -5.46203760e+03   -1.83215149e+03   -3.02850024e+07   -1.32281098e+08   -5.73460803e+07   -2.25342745e+05    3.16269068e+05    1.00232663e+05    1.47316413e+08    4.03450823e+05    1.47599878e+08
2014-12-10T12:10:59   -4.33473730e+03   -5.45984619e+03   -1.83925281e+03   -3.02849727e+07   -1.32281104e+08   -5.73460827e+07   -2.25343572e+05    3.16268577e+05    1.00232476e+05    1.47316412e+08    4.03451015e+05    1.47599877e+08
2014-12-10T12:11:00   -4.33449756e+03   -5.45764844e+03   -1.84635217e+03   -3.02849431e+07   -1.32281109e+08   -5.73460851e+07   -2.25344399e+05    3.16268087e+05    1.00232288e+05    1.47316411e+08    4.03451204e+05    1.47599876e+08
2014-12-10T12:11:01   -4.33425342e+03   -5.45544531e+03   -1.85344934e+03   -3.02849135e+07   -1.32281115e+08   -5.73460875e+07   -2.25345225e+05    3.16267596e+05    1.00232101e+05    1.47316410e+08    4.03451391e+05    1.47599875e+08
2014-12-10T12:11:02   -4.33400439e+03   -5.45323682e+03   -1.86054468e+03   -3.02848839e+07   -1.32281120e+08   -5.73460899e+07   -2.25346052e+05    3.16267105e+05    1.00231914e+05    1.47316409e+08    4.03451575e+05    1.47599874e+08
2014-12-10T12:11:03   -4.33375146e+03   -5.45102148e+03   -1.86763843e+03   -3.02848542e+07   -1.32281126e+08   -5.73460923e+07   -2.25346879e+05    3.16266614e+05    1.00231726e+05    1.47316408e+08    4.03451757e+05    1.47599873e+08
2014-12-10T12:11:04   -4.33349365e+03   -5.44880127e+03   -1.87472961e+03   -3.02848246e+07   -1.32281132e+08   -5.73460947e+07   -2.25347705e+05    3.16266124e+05    1.00231539e+05    1.47316408e+08    4.03451936e+05    1.47599873e+08
2014-12-10T12:11:05   -4.33323096e+03   -5.44657471e+03   -1.88181885e+03   -3.02847950e+07   -1.32281137e+08   -5.73460971e+07   -2.25348532e+05    3.16265633e+05    1.00231352e+05    1.47316407e+08    4.03452113e+05    1.47599872e+08
2014-12-10T12:11:06   -4.33296387e+03   -5.44434277e+03   -1.88890625e+03   -3.02847653e+07   -1.32281143e+08   -5.73460994e+07   -2.25349359e+05    3.16265142e+05    1.00231164e+05    1.47316406e+08    4.03452288e+05    1.47599871e+08
2014-12-10T12:11:07   -4.33269189e+03   -5.44210498e+03   -1.89599182e+03   -3.02847357e+07   -1.32281148e+08   -5.73461018e+07   -2.25350186e+05    3.16264652e+05    1.00230977e+05    1.47316405e+08    4.03452460e+05    1.47599870e+08
2014-12-10T12:11:08   -4.33241553e+03   -5.43986084e+03   -1.90307520e+03   -3.02847061e+07   -1.32281154e+08   -5.73461042e+07   -2.25351012e+05    3.16264161e+05    1.00230789e+05    1.47316404e+08    4.03452629e+05    1.47599869e+08
2014-12-10T12:11:09   -4.33213477e+03   -5.43761133e+03   -1.91015613e+03   -3.02846765e+07   -1.32281159e+08   -5.73461066e+07   -2.25351839e+05    3.16263670e+05    1.00230602e+05    1.47316403e+08    4.03452796e+05    1.47599869e+08
2014-12-10T12:11:10   -4.33184912e+03   -5.43535596e+03   -1.91723560e+03   -3.02846468e+07   -1.32281165e+08   -5.73461090e+07   -2.25352666e+05    3.16263180e+05    1.00230415e+05    1.47316402e+08    4.03452961e+05    1.47599868e+08
2014-12-10T12:11:11   -4.33155859e+03   -5.43309473e+03   -1.92431311e+03   -3.02846172e+07   -1.32281170e+08   -5.73461114e+07   -2.25353493e+05    3.16262689e+05    1.00230227e+05    1.47316401e+08    4.03453123e+05    1.47599867e+08
2014-12-10T12:11:12   -4.33126367e+03   -5.43082812e+03   -1.93138831e+03   -3.02845876e+07   -1.32281176e+08   -5.73461138e+07   -2.25354319e+05    3.16262198e+05    1.00230040e+05    1.47316400e+08    4.03453283e+05    1.47599866e+08
2014-12-10T12:11:13   -4.33096387e+03   -5.42855566e+03   -1.93846143e+03   -3.02845580e+07   -1.32281181e+08   -5.73461162e+07   -2.25355146e+05    3.16261708e+05    1.00229853e+05    1.47316400e+08    4.03453441e+05    1.47599865e+08
2014-12-10T12:11:14   -4.33065967e+03   -5.42627686e+03   -1.94553235e+03   -3.02845283e+07   -1.32281187e+08   -5.73461186e+07   -2.25355973e+05    3.16261217e+05    1.00229665e+05    1.47316399e+08    4.03453595e+05    1.47599864e+08
2014-12-10T12:11:15   -4.33035156e+03   -5.42399268e+03   -1.95260156e+03   -3.02844987e+07   -1.32281192e+08   -5.73461210e+07   -2.25356799e+05    3.16260726e+05    1.00229478e+05    1.47316398e+08    4.03453747e+05    1.47599864e+08
2014-12-10T12:11:16   -4.33003809e+03   -5.42170312e+03   -1.95966833e+03   -3.02844691e+07   -1.32281198e+08   -5.73461234e+07   -2.25357626e+05    3.16260235e+05    1.00229290e+05    1.47316397e+08    4.03453898e+05    1.47599863e+08
2014-12-10T12:11:17   -4.32971973e+03   -5.41940674e+03   -1.96673315e+03   -3.02844394e+07   -1.32281203e+08   -5.73461258e+07   -2.25358453e+05    3.16259745e+05    1.00229103e+05    1.47316396e+08    4.03454045e+05    1.47599862e+08
2014-12-10T12:11:18   -4.32939795e+03   -5.41710498e+03   -1.97379614e+03   -3.02844098e+07   -1.32281209e+08   -5.73461282e+07   -2.25359280e+05    3.16259254e+05    1.00228916e+05    1.47316395e+08    4.03454189e+05    1.47599861e+08
2014-12-10T12:11:19   -4.32907031e+03   -5.41479834e+03   -1.98085669e+03   -3.02843802e+07   -1.32281214e+08   -5.73461306e+07   -2.25360106e+05    3.16258763e+05    1.00228728e+05    1.47316395e+08    4.03454332e+05    1.47599860e+08
2014-12-10T12:11:20   -4.32873877e+03   -5.41248486e+03   -1.98791504e+03   -3.02843506e+07   -1.32281220e+08   -5.73461329e+07   -2.25360933e+05    3.16258273e+05    1.00228541e+05    1.47316394e+08    4.03454472e+05    1.47599859e+08
2014-12-10T12:11:21   -4.32840234e+03   -5.41016602e+03   -1.99497131e+03   -3.02843209e+07   -1.32281225e+08   -5.73461353e+07   -2.25361760e+05    3.16257782e+05    1.00228353e+05    1.47316393e+08    4.03454609e+05    1.47599859e+08
2014-12-10T12:11:22   -4.32806152e+03   -5.40784180e+03   -2.00202551e+03   -3.02842913e+07   -1.32281231e+08   -5.73461377e+07   -2.25362586e+05    3.16257291e+05    1.00228166e+05    1.47316392e+08    4.03454745e+05    1.47599858e+08
2014-12-10T12:11:23   -4.32771582e+03   -5.40551123e+03   -2.00907776e+03   -3.02842617e+07   -1.32281236e+08   -5.73461401e+07   -2.25363413e+05    3.16256800e+05    1.00227979e+05    1.47316391e+08    4.03454877e+05    1.47599857e+08
2014-12-10T12:11:24   -4.32736523e+03   -5.40317480e+03   -2.01612744e+03   -3.02842321e+07   -1.32281242e+08   -5.73461425e+07   -2.25364240e+05    3.16256310e+05    1.00227791e+05    1.47316391e+08    4.03455007e+05    1.47599856e+08
2014-12-10T12:11:25   -4.32701074e+03   -5.40083301e+03   -2.02317566e+03   -3.02842024e+07   -1.32281247e+08   -5.73461449e+07   -2.25365066e+05    3.16255819e+05    1.00227604e+05    1.47316390e+08    4.03455135e+05    1.47599855e+08
2014-12-10T12:11:26   -4.32665137e+03   -5.39848535e+03   -2.03022131e+03   -3.02841728e+07   -1.32281253e+08   -5.73461473e+07   -2.25365893e+05    3.16255328e+05    1.00227417e+05    1.47316389e+08    4.03455260e+05    1.47599854e+08
2014-12-10T12:11:27   -4.32628760e+03   -5.39613232e+03   -2.03726453e+03   -3.02841432e+07   -1.32281258e+08   -5.73461497e+07   -2.25366720e+05    3.16254838e+05    1.00227229e+05    1.47316388e+08    4.03455383e+05    1.47599854e+08
2014-12-10T12:11:28   -4.32591943e+03   -5.39377295e+03   -2.04430615e+03   -3.02841136e+07   -1.32281264e+08   -5.73461521e+07   -2.25367547e+05    3.16254347e+05    1.00227042e+05    1.47316388e+08    4.03455502e+05    1.47599853e+08
2014-12-10T12:11:29   -4.32554590e+03   -5.39140869e+03   -2.05134497e+03   -3.02840839e+07   -1.32281270e+08   -5.73461545e+07   -2.25368373e+05    3.16253856e+05    1.00226854e+05    1.47316387e+08    4.03455621e+05    1.47599852e+08
2014-12-10T12:11:30   -4.32516797e+03   -5.38903809e+03   -2.05838184e+03   -3.02840543e+07   -1.32281275e+08   -5.73461569e+07   -2.25369200e+05    3.16253365e+05    1.00226667e+05    1.47316386e+08    4.03455736e+05    1.47599851e+08
2014-12-10T12:11:31   -4.32478516e+03   -5.38666113e+03   -2.06541675e+03   -3.02840247e+07   -1.32281281e+08   -5.73461593e+07   -2.25370027e+05    3.16252875e+05    1.00226480e+05    1.47316385e+08    4.03455849e+05    1.47599850e+08
2014-12-10T12:11:32   -4.32439893e+03   -5.38427979e+03   -2.07244922e+03   -3.02839950e+07   -1.32281286e+08   -5.73461617e+07   -2.25370853e+05    3.16252384e+05    1.00226292e+05    1.47316385e+08    4.03455959e+05    1.47599850e+08
2014-12-10T12:11:33   -4.32400684e+03   -5.38189160e+03   -2.07947998e+03   -3.02839654e+07   -1.32281292e+08   -5.73461641e+07   -2.25371680e+05    3.16251893e+05    1.00226105e+05    1.47316384e+08    4.03456067e+05    1.47599849e+08
2014-12-10T12:11:34   -4.32361084e+03   -5.37949756e+03   -2.08650806e+03   -3.02839358e+07   -1.32281297e+08   -5.73461664e+07   -2.25372507e+05    3.16251402e+05    1.00225917e+05    1.47316383e+08    4.03456172e+05    1.47599848e+08
2014-12-10T12:11:35   -4.32320996e+03   -5.37709863e+03   -2.09353369e+03   -3.02839062e+07   -1.32281303e+08   -5.73461688e+07   -2.25373333e+05    3.16250912e+05    1.00225730e+05    1.47316383e+08    4.03456275e+05    1.47599847e+08
2014-12-10T12:11:36   -4.32280420e+03   -5.37469385e+03   -2.10055762e+03   -3.02838765e+07   -1.32281308e+08   -5.73461712e+07   -2.25374160e+05    3.16250421e+05    1.00225543e+05    1.47316382e+08    4.03456376e+05    1.47599846e+08
2014-12-10T12:11:37   -4.32239502e+03   -5.37228320e+03   -2.10757886e+03   -3.02838469e+07   -1.32281314e+08   -5.73461736e+07   -2.25374987e+05    3.16249930e+05    1.00225355e+05    1.47316381e+08    4.03456473e+05    1.47599845e+08
2014-12-10T12:11:38   -4.32197998e+03   -5.36986670e+03   -2.11459790e+03   -3.02838173e+07   -1.32281319e+08   -5.73461760e+07   -2.25375813e+05    3.16249439e+05    1.00225168e+05    1.47316381e+08    4.03456569e+05    1.47599845e+08
2014-12-10T12:11:39   -4.32156104e+03   -5.36744385e+03   -2.12161475e+03   -3.02837877e+07   -1.32281325e+08   -5.73461784e+07   -2.25376640e+05    3.16248949e+05    1.00224980e+05    1.47316380e+08    4.03456661e+05    1.47599844e+08
2014-12-10T12:11:40   -4.32113672e+03   -5.36501611e+03   -2.12862964e+03   -3.02837580e+07   -1.32281330e+08   -5.73461808e+07   -2.25377467e+05    3.16248458e+05    1.00224793e+05    1.47316379e+08    4.03456752e+05    1.47599843e+08
2014-12-10T12:11:41   -4.32070850e+03   -5.36258252e+03   -2.13564209e+03   -3.02837284e+07   -1.32281336e+08   -5.73461832e+07   -2.25378293e+05    3.16247967e+05    1.00224606e+05    1.47316379e+08    4.03456840e+05    1.47599842e+08
2014-12-10T12:11:42   -4.32027588e+03   -5.36014355e+03   -2.14265210e+03   -3.02836988e+07   -1.32281341e+08   -5.73461856e+07   -2.25379120e+05    3.16247476e+05    1.00224418e+05    1.47316378e+08    4.03456926e+05    1.47599841e+08
2014-12-10T12:11:43   -4.31983838e+03   -5.35769824e+03   -2.14965991e+03   -3.02836691e+07   -1.32281347e+08   -5.73461880e+07   -2.25379947e+05    3.16246986e+05    1.00224231e+05    1.47316377e+08    4.03457008e+05    1.47599840e+08
2014-12-10T12:11:44   -4.31939600e+03   -5.35524805e+03   -2.15666504e+03   -3.02836395e+07   -1.32281352e+08   -5.73461904e+07   -2.25380773e+05    3.16246495e+05    1.00224043e+05    1.47316377e+08    4.03457090e+05    1.47599840e+08
2014-12-10T12:11:45   -4.31894922e+03   -5.35279150e+03   -2.16366846e+03   -3.02836099e+07   -1.32281358e+08   -5.73461928e+07   -2.25381600e+05    3.16246004e+05    1.00223856e+05    1.47316376e+08    4.03457168e+05    1.47599839e+08
2014-12-10T12:11:46   -4.31849707e+03   -5.35032959e+03   -2.17066943e+03   -3.02835803e+07   -1.32281363e+08   -5.73461952e+07   -2.25382427e+05    3.16245513e+05    1.00223669e+05    1.47316375e+08    4.03457244e+05    1.47599838e+08
2014-12-10T12:11:47   -4.31804199e+03   -5.34786230e+03   -2.17766772e+03   -3.02835506e+07   -1.32281369e+08   -5.73461976e+07   -2.25383253e+05    3.16245023e+05    1.00223481e+05    1.47316375e+08    4.03457317e+05    1.47599837e+08
2014-12-10T12:11:48   -4.31758105e+03   -5.34538867e+03   -2.18466406e+03   -3.02835210e+07   -1.32281374e+08   -5.73461999e+07   -2.25384080e+05    3.16244532e+05    1.00223294e+05    1.47316374e+08    4.03457388e+05    1.47599836e+08
2014-12-10T12:11:49   -4.31711621e+03   -5.34291016e+03   -2.19165820e+03   -3.02834914e+07   -1.32281380e+08   -5.73462023e+07   -2.25384907e+05    3.16244041e+05    1.00223106e+05    1.47316374e+08    4.03457456e+05    1.47599836e+08
2014-12-10T12:11:50   -4.31664648e+03   -5.34042529e+03   -2.19864990e+03   -3.02834618e+07   -1.32281385e+08   -5.73462047e+07   -2.25385733e+05    3.16243550e+05    1.00222919e+05    1.47316373e+08    4.03457522e+05    1.47599835e+08
2014-12-10T12:11:51   -4.31617188e+03   -5.33793457e+03   -2.20563916e+03   -3.02834321e+07   -1.32281391e+08   -5.73462071e+07   -2.25386560e+05    3.16243059e+05    1.00222732e+05    1.47316372e+08    4.03457586e+05    1.47599834e+08
2014-12-10T12:11:52   -4.31569287e+03   -5.33543896e+03   -2.21262598e+03   -3.02834025e+07   -1.32281396e+08   -5.73462095e+07   -2.25387387e+05    3.16242569e+05    1.00222544e+05    1.47316372e+08    4.03457647e+05    1.47599833e+08
2014-12-10T12:11:53   -4.31520898e+03   -5.33293652e+03   -2.21961035e+03   -3.02833729e+07   -1.32281402e+08   -5.73462119e+07   -2.25388213e+05    3.16242078e+05    1.00222357e+05    1.47316371e+08    4.03457705e+05    1.47599832e+08
2014-12-10T12:11:54   -4.31472119e+03   -5.33042920e+03   -2.22659253e+03   -3.02833433e+07   -1.32281408e+08   -5.73462143e+07   -2.25389040e+05    3.16241587e+05    1.00222169e+05    1.47316371e+08    4.03457761e+05    1.47599831e+08
2014-12-10T12:11:55   -4.31422803e+03   -5.32791602e+03   -2.23357251e+03   -3.02833136e+07   -1.32281413e+08   -5.73462167e+07   -2.25389867e+05    3.16241096e+05    1.00221982e+05    1.47316370e+08    4.03457815e+05    1.47599831e+08
2014-12-10T12:11:56   -4.31373096e+03   -5.32539697e+03   -2.24055005e+03   -3.02832840e+07   -1.32281419e+08   -5.73462191e+07   -2.25390693e+05    3.16240606e+05    1.00221795e+05    1.47316370e+08    4.03457866e+05    1.47599830e+08
2014-12-10T12:11:57   -4.31322900e+03   -5.32287305e+03   -2.24752515e+03   -3.02832544e+07   -1.32281424e+08   -5.73462215e+07   -2.25391520e+05    3.16240115e+05    1.00221607e+05    1.47316369e+08    4.03457915e+05    1.47599829e+08
2014-12-10T12:11:58   -4.31272266e+03   -5.32034277e+03   -2.25449756e+03   -3.02832247e+07   -1.32281430e+08   -5.73462239e+07   -2.25392347e+05    3.16239624e+05    1.00221420e+05    1.47316368e+08    4.03457961e+05    1.47599828e+08
2014-12-10T12:11:59   -4.31221143e+03   -5.31780713e+03   -2.26146777e+03   -3.02831951e+07   -1.32281435e+08   -5.73462263e+07   -2.25393173e+05    3.16239133e+05    1.00221232e+05    1.47316368e+08    4.03458004e+05    1.47599827e+08
2014-12-10T12:12:00   -4.31169580e+03   -5.31526562e+03   -2.26843579e+03   -3.02831655e+07   -1.32281441e+08   -5.73462287e+07   -2.25394000e+05    3.16238642e+05    1.00221045e+05    1.47316367e+08    4.03458046e+05    1.47599826e+08
2014-12-10T12:12:01   -4.31117578e+03   -5.31271875e+03   -2.27540088e+03   -3.02831359e+07   -1.32281446e+08   -5.73462311e+07   -2.25394827e+05    3.16238152e+05    1.00220858e+05    1.47316367e+08    4.03458084e+05    1.47599826e+08
2014-12-10T12:12:02   -4.31065039e+03   -5.31016553e+03   -2.28236426e+03   -3.02831062e+07   -1.32281452e+08   -5.73462334e+07   -2.25395653e+05    3.16237661e+05    1.00220670e+05    1.47316366e+08    4.03458121e+05    1.47599825e+08
2014-12-10T12:12:03   -4.31012109e+03   -5.30760693e+03   -2.28932471e+03   -3.02830766e+07   -1.32281457e+08   -5.73462358e+07   -2.25396480e+05    3.16237170e+05    1.00220483e+05    1.47316366e+08    4.03458154e+05    1.47599824e+08
2014-12-10T12:12:04   -4.30958691e+03   -5.30504297e+03   -2.29628271e+03   -3.02830470e+07   -1.32281463e+08   -5.73462382e+07   -2.25397307e+05    3.16236679e+05    1.00220295e+05    1.47316365e+08    4.03458186e+05    1.47599823e+08
2014-12-10T12:12:05   -4.30904883e+03   -5.30247314e+03   -2.30323828e+03   -3.02830174e+07   -1.32281468e+08   -5.73462406e+07   -2.25398133e+05    3.16236188e+05    1.00220108e+05    1.47316365e+08    4.03458214e+05    1.47599822e+08
2014-12-10T12:12:06   -4.30850537e+03   -5.29989795e+03   -2.31019165e+03   -3.02829877e+07   -1.32281474e+08   -5.73462430e+07   -2.25398960e+05    3.16235698e+05    1.00219921e+05    1.47316364e+08    4.03458241e+05    1.47599821e+08
2014-12-10T12:12:07   -4.30795752e+03   -5.29731689e+03   -2.31714209e+03   -3.02829581e+07   -1.32281479e+08   -5.73462454e+07   -2.25399786e+05    3.16235207e+05    1.00219733e+05    1.47316364e+08    4.03458265e+05    1.47599821e+08
2014-12-10T12:12:08   -4.30740527e+03   -5.29472949e+03   -2.32409033e+03   -3.02829285e+07   -1.32281485e+08   -5.73462478e+07   -2.25400613e+05    3.16234716e+05    1.00219546e+05    1.47316363e+08    4.03458285e+05    1.47599820e+08
2014-12-10T12:12:09   -4.30684863e+03   -5.29213721e+03   -2.33103638e+03   -3.02828988e+07   -1.32281490e+08   -5.73462502e+07   -2.25401440e+05    3.16234225e+05    1.00219358e+05    1.47316363e+08    4.03458304e+05    1.47599819e+08
2014-12-10T12:12:10   -4.30628711e+03   -5.28953906e+03   -2.33797974e+03   -3.02828692e+07   -1.32281496e+08   -5.73462526e+07   -2.25402266e+05    3.16233734e+05    1.00219171e+05    1.47316363e+08    4.03458321e+05    1.47599818e+08
2014-12-10T12:12:11   -4.30572021e+03   -5.28693555e+03   -2.34492041e+03   -3.02828396e+07   -1.32281501e+08   -5.73462550e+07   -2.25403093e+05    3.16233243e+05    1.00218984e+05    1.47316362e+08    4.03458335e+05    1.47599817e+08
2014-12-10T12:12:12   -4.30515039e+03   -5.28432666e+03   -2.35185864e+03   -3.02828100e+07   -1.32281507e+08   -5.73462574e+07   -2.25403920e+05    3.16232753e+05    1.00218796e+05    1.47316362e+08    4.03458346e+05    1.47599817e+08
2014-12-10T12:12:13   -4.30457520e+03   -5.28171191e+03   -2.35879443e+03   -3.02827803e+07   -1.32281512e+08   -5.73462598e+07   -2.25404746e+05    3.16232262e+05    1.00218609e+05    1.47316361e+08    4.03458355e+05    1.47599816e+08
2014-12-10T12:12:14   -4.30399512e+03   -5.27909180e+03   -2.36572754e+03   -3.02827507e+07   -1.32281518e+08   -5.73462622e+07   -2.25405573e+05    3.16231771e+05    1.00218421e+05    1.47316361e+08    4.03458362e+05    1.47599815e+08
2014-12-10T12:12:15   -4.30341064e+03   -5.27646533e+03   -2.37265845e+03   -3.02827211e+07   -1.32281523e+08   -5.73462646e+07   -2.25406400e+05    3.16231280e+05    1.00218234e+05    1.47316360e+08    4.03458366e+05    1.47599814e+08
2014-12-10T12:12:16   -4.30282129e+03   -5.27383398e+03   -2.37958667e+03   -3.02826915e+07   -1.32281529e+08   -5.73462669e+07   -2.25407226e+05    3.16230789e+05    1.00218046e+05    1.47316360e+08    4.03458368e+05    1.47599813e+08
2014-12-10T12:12:17   -4.30222803e+03   -5.27119678e+03   -2.38651221e+03   -3.02826618e+07   -1.32281534e+08   -5.73462693e+07   -2.25408053e+05    3.16230299e+05    1.00217859e+05    1.47316360e+08    4.03458367e+05    1.47599812e+08
2014-12-10T12:12:18   -4.30162988e+03   -5.26855371e+03   -2.39343530e+03   -3.02826322e+07   -1.32281540e+08   -5.73462717e+07   -2.25408879e+05    3.16229808e+05    1.00217672e+05    1.47316359e+08    4.03458364e+05    1.47599812e+08
2014-12-10T12:12:19   -4.30102686e+03   -5.26590479e+03   -2.40035596e+03   -3.02826026e+07   -1.32281546e+08   -5.73462741e+07   -2.25409706e+05    3.16229317e+05    1.00217484e+05    1.47316359e+08    4.03458358e+05    1.47599811e+08
2014-12-10T12:12:20   -4.30041943e+03   -5.26325146e+03   -2.40727393e+03   -3.02825729e+07   -1.32281551e+08   -5.73462765e+07   -2.25410533e+05    3.16228826e+05    1.00217297e+05    1.47316358e+08    4.03458350e+05    1.47599810e+08
2014-12-10T12:12:21   -4.29980762e+03   -5.26059180e+03   -2.41418921e+03   -3.02825433e+07   -1.32281557e+08   -5.73462789e+07   -2.25411359e+05    3.16228335e+05    1.00217109e+05    1.47316358e+08    4.03458340e+05    1.47599809e+08
2014-12-10T12:12:22   -4.29919189e+03   -5.25792676e+03   -2.42110229e+03   -3.02825137e+07   -1.32281562e+08   -5.73462813e+07   -2.25412186e+05    3.16227844e+05    1.00216922e+05    1.47316358e+08    4.03458326e+05    1.47599808e+08
2014-12-10T12:12:23   -4.29856982e+03   -5.25525586e+03   -2.42801221e+03   -3.02824841e+07   -1.32281568e+08   -5.73462837e+07   -2.25413012e+05    3.16227354e+05    1.00216734e+05    1.47316357e+08    4.03458311e+05    1.47599807e+08
2014-12-10T12:12:24   -4.29794434e+03   -5.25257959e+03   -2.43491992e+03   -3.02824544e+07   -1.32281573e+08   -5.73462861e+07   -2.25413839e+05    3.16226863e+05    1.00216547e+05    1.47316357e+08    4.03458293e+05    1.47599807e+08
2014-12-10T12:12:25   -4.29731445e+03   -5.24989746e+03   -2.44182544e+03   -3.02824248e+07   -1.32281579e+08   -5.73462885e+07   -2.25414666e+05    3.16226372e+05    1.00216360e+05    1.47316357e+08    4.03458273e+05    1.47599806e+08
2014-12-10T12:12:26   -4.29667920e+03   -5.24720947e+03   -2.44872803e+03   -3.02823952e+07   -1.32281584e+08   -5.73462909e+07   -2.25415492e+05    3.16225881e+05    1.00216172e+05    1.47316356e+08    4.03458250e+05    1.47599805e+08
2014-12-10T12:12:27   -4.29604004e+03   -5.24451709e+03   -2.45562769e+03   -3.02823656e+07   -1.32281590e+08   -5.73462933e+07   -2.25416319e+05    3.16225390e+05    1.00215985e+05    1.47316356e+08    4.03458225e+05    1.47599804e+08
2014-12-10T12:12:28   -4.29539648e+03   -5.24181738e+03   -2.46252490e+03   -3.02823359e+07   -1.32281595e+08   -5.73462957e+07   -2.25417146e+05    3.16224899e+05    1.00215797e+05    1.47316356e+08    4.03458196e+05    1.47599803e+08
2014-12-10T12:12:29   -4.29474756e+03   -5.23911328e+03   -2.46941943e+03   -3.02823063e+07   -1.32281601e+08   -5.73462981e+07   -2.25417972e+05    3.16224408e+05    1.00215610e+05    1.47316355e+08    4.03458166e+05    1.47599803e+08
2014-12-10T12:12:30   -4.29409473e+03   -5.23640332e+03   -2.47631152e+03   -3.02822767e+07   -1.32281606e+08   -5.73463004e+07   -2.25418799e+05    3.16223918e+05    1.00215423e+05    1.47316355e+08    4.03458133e+05    1.47599802e+08
2014-12-10T12:12:31   -4.29343701e+03   -5.23368750e+03   -2.48320068e+03   -3.02822471e+07   -1.32281612e+08   -5.73463028e+07   -2.25419625e+05    3.16223427e+05    1.00215235e+05    1.47316355e+08    4.03458097e+05    1.47599801e+08
2014-12-10T12:12:32   -4.29277539e+03   -5.23096680e+03   -2.49008789e+03   -3.02822174e+07   -1.32281617e+08   -5.73463052e+07   -2.25420452e+05    3.16222936e+05    1.00215048e+05    1.47316354e+08    4.03458059e+05    1.47599800e+08
2014-12-10T12:12:33   -4.29210791e+03   -5.22824023e+03   -2.49697168e+03   -3.02821878e+07   -1.32281623e+08   -5.73463076e+07   -2.25421279e+05    3.16222445e+05    1.00214860e+05    1.47316354e+08    4.03458020e+05    1.47599799e+08
2014-12-10T12:12:34   -4.29143750e+03   -5.22550830e+03   -2.50385327e+03   -3.02821582e+07   -1.32281628e+08   -5.73463100e+07   -2.25422105e+05    3.16221954e+05    1.00214673e+05    1.47316354e+08    4.03457977e+05    1.47599798e+08
2014-12-10T12:12:35   -4.29076074e+03   -5.22277051e+03   -2.51073193e+03   -3.02821285e+07   -1.32281634e+08   -5.73463124e+07   -2.25422932e+05    3.16221463e+05    1.00214485e+05    1.47316353e+08    4.03457932e+05    1.47599798e+08
2014-12-10T12:12:36   -4.29008105e+03   -5.22002637e+03   -2.51760767e+03   -3.02820989e+07   -1.32281639e+08   -5.73463148e+07   -2.25423758e+05    3.16220972e+05    1.00214298e+05    1.47316353e+08    4.03457883e+05    1.47599797e+08
2014-12-10T12:12:37   -4.28939551e+03   -5.21727734e+03   -2.52448120e+03   -3.02820693e+07   -1.32281645e+08   -5.73463172e+07   -2.25424585e+05    3.16220482e+05    1.00214110e+05    1.47316353e+08    4.03457833e+05    1.47599796e+08
2014-12-10T12:12:38   -4.28870654e+03   -5.21452344e+03   -2.53135205e+03   -3.02820397e+07   -1.32281650e+08   -5.73463196e+07   -2.25425412e+05    3.16219991e+05    1.00213923e+05    1.47316353e+08    4.03457781e+05    1.47599795e+08
2014-12-10T12:12:39   -4.28801270e+03   -5.21176318e+03   -2.53821973e+03   -3.02820100e+07   -1.32281656e+08   -5.73463220e+07   -2.25426238e+05    3.16219500e+05    1.00213736e+05    1.47316352e+08    4.03457725e+05    1.47599794e+08
2014-12-10T12:12:40   -4.28731348e+03   -5.20899756e+03   -2.54508521e+03   -3.02819804e+07   -1.32281661e+08   -5.73463244e+07   -2.25427065e+05    3.16219009e+05    1.00213548e+05    1.47316352e+08    4.03457668e+05    1.47599793e+08
2014-12-10T12:12:41   -4.28661035e+03   -5.20622607e+03   -2.55194800e+03   -3.02819508e+07   -1.32281667e+08   -5.73463268e+07   -2.25427891e+05    3.16218518e+05    1.00213361e+05    1.47316352e+08    4.03457607e+05    1.47599793e+08
2014-12-10T12:12:42   -4.28590234e+03   -5.20345020e+03   -2.55880737e+03   -3.02819212e+07   -1.32281672e+08   -5.73463292e+07   -2.25428718e+05    3.16218027e+05    1.00213173e+05    1.47316352e+08    4.03457546e+05    1.47599792e+08
2014-12-10T12:12:43   -4.28519043e+03   -5.20066797e+03   -2.56566479e+03   -3.02818915e+07   -1.32281678e+08   -5.73463316e+07   -2.25429544e+05    3.16217536e+05    1.00212986e+05    1.47316351e+08    4.03457480e+05    1.47599791e+08
2014-12-10T12:12:44   -4.28447363e+03   -5.19788037e+03   -2.57251929e+03   -3.02818619e+07   -1.32281684e+08   -5.73463339e+07   -2.25430371e+05    3.16217045e+05    1.00212798e+05    1.47316351e+08    4.03457413e+05    1.47599790e+08
2014-12-10T12:12:45   -4.28375098e+03   -5.19508691e+03   -2.57937061e+03   -3.02818323e+07   -1.32281689e+08   -5.73463363e+07   -2.25431198e+05    3.16216555e+05    1.00212611e+05    1.47316351e+08    4.03457343e+05    1.47599789e+08
2014-12-10T12:12:46   -4.28302588e+03   -5.19228857e+03   -2.58621948e+03   -3.02818026e+07   -1.32281695e+08   -5.73463387e+07   -2.25432024e+05    3.16216064e+05    1.00212424e+05    1.47316351e+08    4.03457271e+05    1.47599788e+08
2014-12-10T12:12:47   -4.28229492e+03   -5.18948389e+03   -2.59306592e+03   -3.02817730e+07   -1.32281700e+08   -5.73463411e+07   -2.25432851e+05    3.16215573e+05    1.00212236e+05    1.47316351e+08    4.03457196e+05    1.47599788e+08
2014-12-10T12:12:48   -4.28156006e+03   -5.18667432e+03   -2.59990918e+03   -3.02817434e+07   -1.32281706e+08   -5.73463435e+07   -2.25433677e+05    3.16215082e+05    1.00212049e+05    1.47316350e+08    4.03457119e+05    1.47599787e+08
2014-12-10T12:12:49   -4.28082031e+03   -5.18385889e+03   -2.60674976e+03   -3.02817138e+07   -1.32281711e+08   -5.73463459e+07   -2.25434504e+05    3.16214591e+05    1.00211861e+05    1.47316350e+08    4.03457039e+05    1.47599786e+08
2014-12-10T12:12:50   -4.28007568e+03   -5.18103809e+03   -2.61358716e+03   -3.02816841e+07   -1.32281717e+08   -5.73463483e+07   -2.25435331e+05    3.16214100e+05    1.00211674e+05    1.47316350e+08    4.03456957e+05    1.47599785e+08
2014-12-10T12:12:51   -4.27932666e+03   -5.17821240e+03   -2.62042236e+03   -3.02816545e+07   -1.32281722e+08   -5.73463507e+07   -2.25436157e+05    3.16213609e+05    1.00211486e+05    1.47316350e+08    4.03456873e+05    1.47599784e+08
2014-12-10T12:12:52   -4.27857373e+03   -5.17538037e+03   -2.62725439e+03   -3.02816249e+07   -1.32281728e+08   -5.73463531e+07   -2.25436984e+05    3.16213118e+05    1.00211299e+05    1.47316350e+08    4.03456785e+05    1.47599784e+08
2014-12-10T12:12:53   -4.27781592e+03   -5.17254297e+03   -2.63408374e+03   -3.02815953e+07   -1.32281733e+08   -5.73463555e+07   -2.25437810e+05    3.16212627e+05    1.00211112e+05    1.47316350e+08    4.03456695e+05    1.47599783e+08
2014-12-10T12:12:54   -4.27705371e+03   -5.16970068e+03   -2.64091040e+03   -3.02815656e+07   -1.32281739e+08   -5.73463579e+07   -2.25438637e+05    3.16212137e+05    1.00210924e+05    1.47316349e+08    4.03456604e+05    1.47599782e+08
2014-12-10T12:12:55   -4.27628662e+03   -5.16685254e+03   -2.64773438e+03   -3.02815360e+07   -1.32281744e+08   -5.73463603e+07   -2.25439463e+05    3.16211646e+05    1.00210737e+05    1.47316349e+08    4.03456509e+05    1.47599781e+08
2014-12-10T12:12:56   -4.27551465e+03   -5.16399805e+03   -2.65455542e+03   -3.02815064e+07   -1.32281750e+08   -5.73463627e+07   -2.25440290e+05    3.16211155e+05    1.00210549e+05    1.47316349e+08    4.03456412e+05    1.47599780e+08
2014-12-10T12:12:57   -4.27473877e+03   -5.16113916e+03   -2.66137329e+03   -3.02814767e+07   -1.32281755e+08   -5.73463651e+07   -2.25441117e+05    3.16210664e+05    1.00210362e+05    1.47316349e+08    4.03456313e+05    1.47599779e+08
2014-12-10T12:12:58   -4.27395801e+03   -5.15827441e+03   -2.66818872e+03   -3.02814471e+07   -1.32281761e+08   -5.73463674e+07   -2.25441943e+05    3.16210173e+05    1.00210174e+05    1.47316349e+08    4.03456211e+05    1.47599779e+08
2014-12-10T12:12:59   -4.27317334e+03   -5.15540430e+03   -2.67500098e+03   -3.02814175e+07   -1.32281766e+08   -5.73463698e+07   -2.25442770e+05    3.16209682e+05    1.00209987e+05    1.47316349e+08    4.03456106e+05    1.47599778e+08
2014-12-10T12:13:00   -4.27238330e+03   -5.15252832e+03   -2.68181055e+03   -3.02813879e+07   -1.32281772e+08   -5.73463722e+07   -2.25443596e+05    3.16209191e+05    1.00209799e+05    1.47316349e+08    4.03456000e+05    1.47599777e+08
2014-12-10T12:13:01   -4.27158838e+03   -5.14964746e+03   -2.68861743e+03   -3.02813582e+07   -1.32281777e+08   -5.73463746e+07   -2.25444423e+05    3.16208700e+05    1.00209612e+05    1.47316349e+08    4.03455891e+05    1.47599776e+08
2014-12-10T12:13:02   -4.27078955e+03   -5.14676025e+03   -2.69542139e+03   -3.02813286e+07   -1.32281783e+08   -5.73463770e+07   -2.25445249e+05    3.16208209e+05    1.00209425e+05    1.47316348e+08    4.03455779e+05    1.47599775e+08
2014-12-10T12:13:03   -4.26998682e+03   -5.14386816e+03   -2.70222241e+03   -3.02812990e+07   -1.32281788e+08   -5.73463794e+07   -2.25446076e+05    3.16207718e+05    1.00209237e+05    1.47316348e+08    4.03455664e+05    1.47599774e+08
2014-12-10T12:13:04   -4.26917871e+03   -5.14097119e+03   -2.70902051e+03   -3.02812694e+07   -1.32281794e+08   -5.73463818e+07   -2.25446902e+05    3.16207227e+05    1.00209050e+05    1.47316348e+08    4.03455548e+05    1.47599774e+08
2014-12-10T12:13:05   -4.26836621e+03   -5.13806689e+03   -2.71581567e+03   -3.02812397e+07   -1.32281799e+08   -5.73463842e+07   -2.25447729e+05    3.16206737e+05    1.00208862e+05    1.47316348e+08    4.03455428e+05    1.47599773e+08
2014-12-10T12:13:06   -4.26754932e+03   -5.13515869e+03   -2.72260791e+03   -3.02812101e+07   -1.32281805e+08   -5.73463866e+07   -2.25448556e+05    3.16206246e+05    1.00208675e+05    1.47316348e+08    4.03455307e+05    1.47599772e+08
2014-12-10T12:13:07   -4.26672754e+03   -5.13224414e+03   -2.72939746e+03   -3.02811805e+07   -1.32281810e+08   -5.73463890e+07   -2.25449382e+05    3.16205755e+05    1.00208487e+05    1.47316348e+08    4.03455183e+05    1.47599771e+08
2014-12-10T12:13:08   -4.26590186e+03   -5.12932520e+03   -2.73618384e+03   -3.02811509e+07   -1.32281816e+08   -5.73463914e+07   -2.25450209e+05    3.16205264e+05    1.00208300e+05    1.47316348e+08    4.03455056e+05    1.47599770e+08
2014-12-10T12:13:09   -4.26507129e+03   -5.12639990e+03   -2.74296777e+03   -3.02811212e+07   -1.32281822e+08   -5.73463938e+07   -2.25451035e+05    3.16204773e+05    1.00208112e+05    1.47316348e+08    4.03454927e+05    1.47599769e+08
2014-12-10T12:13:10   -4.26423633e+03   -5.12346924e+03   -2.74974854e+03   -3.02810916e+07   -1.32281827e+08   -5.73463962e+07   -2.25451862e+05    3.16204282e+05    1.00207925e+05    1.47316348e+08    4.03454795e+05    1.47599769e+08
2014-12-10T12:13:11   -4.26339697e+03   -5.12053320e+03   -2.75652612e+03   -3.02810620e+07   -1.32281833e+08   -5.73463985e+07   -2.25452688e+05    3.16203791e+05    1.00207737e+05    1.47316348e+08    4.03454661e+05    1.47599768e+08
2014-12-10T12:13:12   -4.26255273e+03   -5.11759229e+03   -2.76330078e+03   -3.02810323e+07   -1.32281838e+08   -5.73464009e+07   -2.25453515e+05    3.16203300e+05    1.00207550e+05    1.47316348e+08    4.03454525e+05    1.47599767e+08
2014-12-10T12:13:13   -4.26170361e+03   -5.11464551e+03   -2.77007251e+03   -3.02810027e+07   -1.32281844e+08   -5.73464033e+07   -2.25454341e+05    3.16202809e+05    1.00207363e+05    1.47316348e+08    4.03454386e+05    1.47599766e+08
2014-12-10T12:13:14   -4.26085010e+03   -5.11169336e+03   -2.77684131e+03   -3.02809731e+07   -1.32281849e+08   -5.73464057e+07   -2.25455168e+05    3.16202318e+05    1.00207175e+05    1.47316348e+08    4.03454245e+05    1.47599765e+08
2014-12-10T12:13:15   -4.25999219e+03   -5.10873535e+03   -2.78360742e+03   -3.02809435e+07   -1.32281855e+08   -5.73464081e+07   -2.25455995e+05    3.16201827e+05    1.00206988e+05    1.47316348e+08    4.03454101e+05    1.47599765e+08
2014-12-10T12:13:16   -4.25913086e+03   -5.10577246e+03   -2.79037036e+03   -3.02809138e+07   -1.32281860e+08   -5.73464105e+07   -2.25456821e+05    3.16201336e+05    1.00206800e+05    1.47316348e+08    4.03453955e+05    1.47599764e+08
2014-12-10T12:13:17   -4.25826367e+03   -5.10280371e+03   -2.79713062e+03   -3.02808842e+07   -1.32281866e+08   -5.73464129e+07   -2.25457648e+05    3.16200845e+05    1.00206613e+05    1.47316348e+08    4.03453806e+05    1.47599763e+08
2014-12-10T12:13:18   -4.25739209e+03   -5.09983008e+03   -2.80388770e+03   -3.02808546e+07   -1.32281871e+08   -5.73464153e+07   -2.25458474e+05    3.16200354e+05    1.00206425e+05    1.47316348e+08    4.03453655e+05    1.47599762e+08
2014-12-10T12:13:19   -4.25651660e+03   -5.09685107e+03   -2.81064160e+03   -3.02808250e+07   -1.32281877e+08   -5.73464177e+07   -2.25459301e+05    3.16199863e+05    1.00206238e+05    1.47316348e+08    4.03453501e+05    1.47599761e+08
2014-12-10T12:13:20   -4.25563574e+03   -5.09386572e+03   -2.81739258e+03   -3.02807953e+07   -1.32281882e+08   -5.73464201e+07   -2.25460127e+05    3.16199372e+05    1.00206050e+05    1.47316348e+08    4.03453345e+05    1.47599760e+08
2014-12-10T12:13:21   -4.25475098e+03   -5.09087598e+03   -2.82414087e+03   -3.02807657e+07   -1.32281888e+08   -5.73464225e+07   -2.25460954e+05    3.16198882e+05    1.00205863e+05    1.47316348e+08    4.03453187e+05    1.47599760e+08
2014-12-10T12:13:22   -4.25386084e+03   -5.08787988e+03   -2.83088574e+03   -3.02807361e+07   -1.32281893e+08   -5.73464249e+07   -2.25461780e+05    3.16198391e+05    1.00205675e+05    1.47316348e+08    4.03453026e+05    1.47599759e+08
2014-12-10T12:13:23   -4.25296680e+03   -5.08487939e+03   -2.83762769e+03   -3.02807064e+07   -1.32281899e+08   -5.73464273e+07   -2.25462607e+05    3.16197900e+05    1.00205488e+05    1.47316348e+08    4.03452863e+05    1.47599758e+08
2014-12-10T12:13:24   -4.25206836e+03   -5.08187354e+03   -2.84436670e+03   -3.02806768e+07   -1.32281904e+08   -5.73464297e+07   -2.25463433e+05    3.16197409e+05    1.00205301e+05    1.47316348e+08    4.03452697e+05    1.47599757e+08
2014-12-10T12:13:25   -4.25116553e+03   -5.07886133e+03   -2.85110254e+03   -3.02806472e+07   -1.32281910e+08   -5.73464320e+07   -2.25464260e+05    3.16196918e+05    1.00205113e+05    1.47316348e+08    4.03452529e+05    1.47599756e+08
2014-12-10T12:13:26   -4.25025830e+03   -5.07584424e+03   -2.85783569e+03   -3.02806176e+07   -1.32281915e+08   -5.73464344e+07   -2.25465086e+05    3.16196427e+05    1.00204926e+05    1.47316348e+08    4.03452358e+05    1.47599755e+08
2014-12-10T12:13:27   -4.24934570e+03   -5.07282178e+03   -2.86456519e+03   -3.02805879e+07   -1.32281921e+08   -5.73464368e+07   -2.25465913e+05    3.16195936e+05    1.00204738e+05    1.47316348e+08    4.03452185e+05    1.47599755e+08
2014-12-10T12:13:28   -4.24842920e+03   -5.06979297e+03   -2.87129224e+03   -3.02805583e+07   -1.32281926e+08   -5.73464392e+07   -2.25466739e+05    3.16195445e+05    1.00204551e+05    1.47316348e+08    4.03452009e+05    1.47599754e+08
2014-12-10T12:13:29   -4.24750781e+03   -5.06676074e+03   -2.87801587e+03   -3.02805287e+07   -1.32281932e+08   -5.73464416e+07   -2.25467566e+05    3.16194954e+05    1.00204363e+05    1.47316349e+08    4.03451831e+05    1.47599753e+08
2014-12-10T12:13:30   -4.24658252e+03   -5.06372119e+03   -2.88473657e+03   -3.02804991e+07   -1.32281937e+08   -5.73464440e+07   -2.25468392e+05    3.16194463e+05    1.00204176e+05    1.47316349e+08    4.03451650e+05    1.47599752e+08
2014-12-10T12:13:31   -4.24565234e+03   -5.06067676e+03   -2.89145410e+03   -3.02804694e+07   -1.32281943e+08   -5.73464464e+07   -2.25469219e+05    3.16193972e+05    1.00203988e+05    1.47316349e+08    4.03451467e+05    1.47599751e+08
2014-12-10T12:13:32   -4.24471777e+03   -5.05762744e+03   -2.89816870e+03   -3.02804398e+07   -1.32281948e+08   -5.73464488e+07   -2.25470046e+05    3.16193481e+05    1.00203801e+05    1.47316349e+08    4.03451281e+05    1.47599751e+08
2014-12-10T12:13:33   -4.24377832e+03   -5.05457275e+03   -2.90488013e+03   -3.02804102e+07   -1.32281954e+08   -5.73464512e+07   -2.25470872e+05    3.16192990e+05    1.00203613e+05    1.47316349e+08    4.03451094e+05    1.47599750e+08
2014-12-10T12:13:34   -4.24283496e+03   -5.05151270e+03   -2.91158838e+03   -3.02803805e+07   -1.32281960e+08   -5.73464536e+07   -2.25471699e+05    3.16192499e+05    1.00203426e+05    1.47316349e+08    4.03450903e+05    1.47599749e+08
2014-12-10T12:13:35   -4.24188623e+03   -5.04844629e+03   -2.91829346e+03   -3.02803509e+07   -1.32281965e+08   -5.73464560e+07   -2.25472525e+05    3.16192008e+05    1.00203238e+05    1.47316349e+08    4.03450710e+05    1.47599748e+08
2014-12-10T12:13:36   -4.24093359e+03   -5.04537500e+03   -2.92499561e+03   -3.02803213e+07   -1.32281971e+08   -5.73464584e+07   -2.25473352e+05    3.16191517e+05    1.00203051e+05    1.47316349e+08    4.03450514e+05    1.47599747e+08
2014-12-10T12:13:37   -4.23997656e+03   -5.04229834e+03   -2.93169482e+03   -3.02802917e+07   -1.32281976e+08   -5.73464608e+07   -2.25474178e+05    3.16191026e+05    1.00202864e+05    1.47316350e+08    4.03450316e+05    1.47599746e+08
2014-12-10T12:13:38   -4.23901465e+03   -5.03921729e+03   -2.93839062e+03   -3.02802620e+07   -1.32281982e+08   -5.73464632e+07   -2.25475005e+05    3.16190535e+05    1.00202676e+05    1.47316350e+08    4.03450117e+05    1.47599746e+08
2014-12-10T12:13:39   -4.23804785e+03   -5.03612939e+03   -2.94508350e+03   -3.02802324e+07   -1.32281987e+08   -5.73464655e+07   -2.25475831e+05    3.16190044e+05    1.00202489e+05    1.47316350e+08    4.03449914e+05    1.47599745e+08
2014-12-10T12:13:40   -4.23707715e+03   -5.03303711e+03   -2.95177295e+03   -3.02802028e+07   -1.32281993e+08   -5.73464679e+07   -2.25476658e+05    3.16189553e+05    1.00202301e+05    1.47316350e+08    4.03449709e+05    1.47599744e+08
2014-12-10T12:13:41   -4.23610156e+03   -5.02993945e+03   -2.95845923e+03   -3.02801732e+07   -1.32281998e+08   -5.73464703e+07   -2.25477484e+05    3.16189062e+05    1.00202114e+05    1.47316350e+08    4.03449501e+05    1.47599743e+08
2014-12-10T12:13:42   -4.23512207e+03   -5.02683594e+03   -2.96514258e+03   -3.02801435e+07   -1.32282004e+08   -5.73464727e+07   -2.25478311e+05    3.16188571e+05    1.00201926e+05    1.47316350e+08    4.03449291e+05    1.47599742e+08
2014-12-10T12:13:43   -4.23413818e+03   -5.02372754e+03   -2.97182275e+03   -3.02801139e+07   -1.32282009e+08   -5.73464751e+07   -2.25479137e+05    3.16188080e+05    1.00201739e+05    1.47316351e+08    4.03449078e+05    1.47599741e+08
2014-12-10T12:13:44   -4.23314893e+03   -5.02061377e+03   -2.97849976e+03   -3.02800843e+07   -1.32282015e+08   -5.73464775e+07   -2.25479964e+05    3.16187589e+05    1.00201551e+05    1.47316351e+08    4.03448864e+05    1.47599741e+08
2014-12-10T12:13:45   -4.23215625e+03   -5.01749463e+03   -2.98517334e+03   -3.02800547e+07   -1.32282020e+08   -5.73464799e+07   -2.25480790e+05    3.16187098e+05    1.00201364e+05    1.47316351e+08    4.03448646e+05    1.47599740e+08
2014-12-10T12:13:46   -4.23115820e+03   -5.01437012e+03   -2.99184448e+03   -3.02800250e+07   -1.32282026e+08   -5.73464823e+07   -2.25481617e+05    3.16186607e+05    1.00201176e+05    1.47316351e+08    4.03448426e+05    1.47599739e+08
2014-12-10T12:13:47   -4.23015576e+03   -5.01124023e+03   -2.99851196e+03   -3.02799954e+07   -1.32282031e+08   -5.73464847e+07   -2.25482443e+05    3.16186116e+05    1.00200989e+05    1.47316351e+08    4.03448204e+05    1.47599738e+08
2014-12-10T12:13:48   -4.22914893e+03   -5.00810498e+03   -3.00517603e+03   -3.02799658e+07   -1.32282037e+08   -5.73464871e+07   -2.25483270e+05    3.16185625e+05    1.00200801e+05    1.47316352e+08    4.03447979e+05    1.47599737e+08
2014-12-10T12:13:49   -4.22813818e+03   -5.00496436e+03   -3.01183716e+03   -3.02799361e+07   -1.32282042e+08   -5.73464895e+07   -2.25484096e+05    3.16185134e+05    1.00200614e+05    1.47316352e+08    4.03447752e+05    1.47599736e+08
2014-12-10T12:13:50   -4.22712256e+03   -5.00181836e+03   -3.01849487e+03   -3.02799065e+07   -1.32282048e+08   -5.73464919e+07   -2.25484923e+05    3.16184643e+05    1.00200426e+05    1.47316352e+08    4.03447522e+05    1.47599736e+08
2014-12-10T12:13:51   -4.22610156e+03   -4.99866748e+03   -3.02514941e+03   -3.02798769e+07   -1.32282053e+08   -5.73464943e+07   -2.25485749e+05    3.16184152e+05    1.00200239e+05    1.47316352e+08    4.03447290e+05    1.47599735e+08
2014-12-10T12:13:52   -4.22507666e+03   -4.99551123e+03   -3.03180078e+03   -3.02798473e+07   -1.32282059e+08   -5.73464966e+07   -2.25486576e+05    3.16183661e+05    1.00200051e+05    1.47316353e+08    4.03447056e+05    1.47599734e+08
2014-12-10T12:13:53   -4.22404785e+03   -4.99234961e+03   -3.03844849e+03   -3.02798176e+07   -1.32282064e+08   -5.73464990e+07   -2.25487402e+05    3.16183170e+05    1.00199864e+05    1.47316353e+08    4.03446819e+05    1.47599733e+08
2014-12-10T12:13:54   -4.22301416e+03   -4.98918213e+03   -3.04509375e+03   -3.02797880e+07   -1.32282070e+08   -5.73465014e+07   -2.25488229e+05    3.16182679e+05    1.00199676e+05    1.47316353e+08    4.03446579e+05    1.47599732e+08
2014-12-10T12:13:55   -4.22197607e+03   -4.98600977e+03   -3.05173584e+03   -3.02797584e+07   -1.32282075e+08   -5.73465038e+07   -2.25489055e+05    3.16182188e+05    1.00199489e+05    1.47316353e+08    4.03446337e+05    1.47599732e+08
2014-12-10T12:13:56   -4.22093311e+03   -4.98283203e+03   -3.05837378e+03   -3.02797288e+07   -1.32282081e+08   -5.73465062e+07   -2.25489881e+05    3.16181697e+05    1.00199302e+05    1.47316354e+08    4.03446093e+05    1.47599731e+08
2014-12-10T12:13:57   -4.21988623e+03   -4.97964941e+03   -3.06500903e+03   -3.02796991e+07   -1.32282086e+08   -5.73465086e+07   -2.25490708e+05    3.16181206e+05    1.00199114e+05    1.47316354e+08    4.03445846e+05    1.47599730e+08
2014-12-10T12:13:58   -4.21883447e+03   -4.97646094e+03   -3.07164038e+03   -3.02796695e+07   -1.32282092e+08   -5.73465110e+07   -2.25491534e+05    3.16180715e+05    1.00198927e+05    1.47316354e+08    4.03445596e+05    1.47599729e+08
2014-12-10T12:13:59   -4.21777783e+03   -4.97326709e+03   -3.07826904e+03   -3.02796399e+07   -1.32282098e+08   -5.73465134e+07   -2.25492361e+05    3.16180224e+05    1.00198739e+05    1.47316355e+08    4.03445345e+05    1.47599728e+08
2014-12-10T12:14:00   -4.21671729e+03   -4.97006836e+03   -3.08489429e+03   -3.02796102e+07   -1.32282103e+08   -5.73465158e+07   -2.25493187e+05    3.16179733e+05    1.00198552e+05    1.47316355e+08    4.03445091e+05    1.47599727e+08
2014-12-10T12:14:01   -4.21565234e+03   -4.96686426e+03   -3.09151660e+03   -3.02795806e+07   -1.32282109e+08   -5.73465182e+07   -2.25494014e+05    3.16179242e+05    1.00198364e+05    1.47316355e+08    4.03444834e+05    1.47599727e+08
2014-12-10T12:14:02   -4.21458203e+03   -4.96365479e+03   -3.09813550e+03   -3.02795510e+07   -1.32282114e+08   -5.73465206e+07   -2.25494840e+05    3.16178751e+05    1.00198177e+05    1.47316356e+08    4.03444575e+05    1.47599726e+08
2014-12-10T12:14:03   -4.21350830e+03   -4.96043994e+03   -3.10475073e+03   -3.02795214e+07   -1.32282120e+08   -5.73465230e+07   -2.25495667e+05    3.16178260e+05    1.00197989e+05    1.47316356e+08    4.03444314e+05    1.47599725e+08
2014-12-10T12:14:04   -4.21243018e+03   -4.95722070e+03   -3.11136304e+03   -3.02794917e+07   -1.32282125e+08   -5.73465254e+07   -2.25496493e+05    3.16177769e+05    1.00197802e+05    1.47316356e+08    4.03444050e+05    1.47599724e+08
2014-12-10T12:14:05   -4.21134668e+03   -4.95399463e+03   -3.11797192e+03   -3.02794621e+07   -1.32282131e+08   -5.73465278e+07   -2.25497320e+05    3.16177278e+05    1.00197614e+05    1.47316357e+08    4.03443783e+05    1.47599723e+08
2014-12-10T12:14:06   -4.21025928e+03   -4.95076416e+03   -3.12457715e+03   -3.02794325e+07   -1.32282136e+08   -5.73465301e+07   -2.25498146e+05    3.16176787e+05    1.00197427e+05    1.47316357e+08    4.03443514e+05    1.47599722e+08
2014-12-10T12:14:07   -4.20916699e+03   -4.94752832e+03   -3.13117920e+03   -3.02794029e+07   -1.32282142e+08   -5.73465325e+07   -2.25498973e+05    3.16176296e+05    1.00197239e+05    1.47316357e+08    4.03443243e+05    1.47599722e+08
2014-12-10T12:14:08   -4.20807031e+03   -4.94428711e+03   -3.13777808e+03   -3.02793732e+07   -1.32282147e+08   -5.73465349e+07   -2.25499799e+05    3.16175805e+05    1.00197052e+05    1.47316358e+08    4.03442969e+05    1.47599721e+08
2014-12-10T12:14:09   -4.20696924e+03   -4.94104102e+03   -3.14437354e+03   -3.02793436e+07   -1.32282153e+08   -5.73465373e+07   -2.25500626e+05    3.16175313e+05    1.00196864e+05    1.47316358e+08    4.03442693e+05    1.47599720e+08
2014-12-10T12:14:10   -4.20586377e+03   -4.93778906e+03   -3.15096582e+03   -3.02793140e+07   -1.32282158e+08   -5.73465397e+07   -2.25501452e+05    3.16174822e+05    1.00196677e+05    1.47316358e+08    4.03442415e+05    1.47599719e+08
2014-12-10T12:14:11   -4.20475391e+03   -4.93453223e+03   -3.15755444e+03   -3.02792843e+07   -1.32282164e+08   -5.73465421e+07   -2.25502279e+05    3.16174331e+05    1.00196489e+05    1.47316359e+08    4.03442133e+05    1.47599718e+08
2014-12-10T12:14:12   -4.20363965e+03   -4.93127051e+03   -3.16414014e+03   -3.02792547e+07   -1.32282169e+08   -5.73465445e+07   -2.25503105e+05    3.16173840e+05    1.00196302e+05    1.47316359e+08    4.03441850e+05    1.47599718e+08
2014-12-10T12:14:13   -4.20252100e+03   -4.92800244e+03   -3.17072192e+03   -3.02792251e+07   -1.32282175e+08   -5.73465469e+07   -2.25503931e+05    3.16173349e+05    1.00196114e+05    1.47316360e+08    4.03441564e+05    1.47599717e+08
2014-12-10T12:14:14   -4.20139795e+03   -4.92473096e+03   -3.17730054e+03   -3.02791955e+07   -1.32282180e+08   -5.73465493e+07   -2.25504758e+05    3.16172858e+05    1.00195927e+05    1.47316360e+08    4.03441276e+05    1.47599716e+08
2014-12-10T12:14:15   -4.20026953e+03   -4.92145264e+03   -3.18387573e+03   -3.02791658e+07   -1.32282186e+08   -5.73465517e+07   -2.25505584e+05    3.16172367e+05    1.00195739e+05    1.47316360e+08    4.03440985e+05    1.47599715e+08
2014-12-10T12:14:16   -4.19913770e+03   -4.91816943e+03   -3.19044800e+03   -3.02791362e+07   -1.32282191e+08   -5.73465541e+07   -2.25506411e+05    3.16171876e+05    1.00195552e+05    1.47316361e+08    4.03440691e+05    1.47599714e+08
2014-12-10T12:14:17   -4.19800049e+03   -4.91488086e+03   -3.19701636e+03   -3.02791066e+07   -1.32282197e+08   -5.73465565e+07   -2.25507237e+05    3.16171385e+05    1.00195364e+05    1.47316361e+08    4.03440396e+05    1.47599713e+08
2014-12-10T12:14:18   -4.19685986e+03   -4.91158789e+03   -3.20358105e+03   -3.02790770e+07   -1.32282202e+08   -5.73465589e+07   -2.25508064e+05    3.16170894e+05    1.00195177e+05    1.47316362e+08    4.03440097e+05    1.47599713e+08
2014-12-10T12:14:19   -4.19571387e+03   -4.90829004e+03   -3.21014307e+03   -3.02790473e+07   -1.32282208e+08   -5.73465612e+07   -2.25508890e+05    3.16170403e+05    1.00194989e+05    1.47316362e+08    4.03439798e+05    1.47599712e+08
2014-12-10T12:14:20   -4.19456348e+03   -4.90498633e+03   -3.21670142e+03   -3.02790177e+07   -1.32282213e+08   -5.73465636e+07   -2.25509717e+05    3.16169912e+05    1.00194802e+05    1.47316363e+08    4.03439495e+05    1.47599711e+08
2014-12-10T12:14:21   -4.19340918e+03   -4.90167676e+03   -3.22325586e+03   -3.02789881e+07   -1.32282219e+08   -5.73465660e+07   -2.25510543e+05    3.16169421e+05    1.00194614e+05    1.47316363e+08    4.03439189e+05    1.47599710e+08
2014-12-10T12:14:22   -4.19225000e+03   -4.89836279e+03   -3.22980737e+03   -3.02789584e+07   -1.32282224e+08   -5.73465684e+07   -2.25511370e+05    3.16168930e+05    1.00194427e+05    1.47316363e+08    4.03438882e+05    1.47599709e+08
2014-12-10T12:14:23   -4.19108643e+03   -4.89504248e+03   -3.23635547e+03   -3.02789288e+07   -1.32282230e+08   -5.73465708e+07   -2.25512196e+05    3.16168439e+05    1.00194239e+05    1.47316364e+08    4.03438571e+05    1.47599708e+08
2014-12-10T12:14:24   -4.18991895e+03   -4.89171826e+03   -3.24289990e+03   -3.02788992e+07   -1.32282235e+08   -5.73465732e+07   -2.25513022e+05    3.16167948e+05    1.00194052e+05    1.47316364e+08    4.03438258e+05    1.47599708e+08
2014-12-10T12:14:25   -4.18874707e+03   -4.88838818e+03   -3.24944092e+03   -3.02788696e+07   -1.32282241e+08   -5.73465756e+07   -2.25513849e+05    3.16167456e+05    1.00193864e+05    1.47316365e+08    4.03437943e+05    1.47599707e+08
2014-12-10T12:14:26   -4.18757031e+03   -4.88505322e+03   -3.25597827e+03   -3.02788399e+07   -1.32282247e+08   -5.73465780e+07   -2.25514675e+05    3.16166965e+05    1.00193677e+05    1.47316365e+08    4.03437625e+05    1.47599706e+08
2014-12-10T12:14:27   -4.18638867e+03   -4.88171289e+03   -3.26251245e+03   -3.02788103e+07   -1.32282252e+08   -5.73465804e+07   -2.25515502e+05    3.16166474e+05    1.00193489e+05    1.47316366e+08    4.03437305e+05    1.47599705e+08
2014-12-10T12:14:28   -4.18520264e+03   -4.87836719e+03   -3.26904297e+03   -3.02787807e+07   -1.32282258e+08   -5.73465828e+07   -2.25516328e+05    3.16165983e+05    1.00193302e+05    1.47316366e+08    4.03436982e+05    1.47599704e+08
2014-12-10T12:14:29   -4.18401270e+03   -4.87501660e+03   -3.27557007e+03   -3.02787511e+07   -1.32282263e+08   -5.73465852e+07   -2.25517155e+05    3.16165492e+05    1.00193114e+05    1.47316367e+08    4.03436657e+05    1.47599703e+08
2014-12-10T12:14:30   -4.18281787e+03   -4.87166064e+03   -3.28209375e+03   -3.02787214e+07   -1.32282269e+08   -5.73465876e+07   -2.25517981e+05    3.16165001e+05    1.00192927e+05    1.47316367e+08    4.03436330e+05    1.47599703e+08
2014-12-10T12:14:31   -4.18161914e+03   -4.86829980e+03   -3.28861401e+03   -3.02786918e+07   -1.32282274e+08   -5.73465900e+07   -2.25518807e+05    3.16164510e+05    1.00192739e+05    1.47316368e+08    4.03436000e+05    1.47599702e+08
2014-12-10T12:14:32   -4.18041553e+03   -4.86493311e+03   -3.29513062e+03   -3.02786622e+07   -1.32282280e+08   -5.73465923e+07   -2.25519634e+05    3.16164019e+05    1.00192552e+05    1.47316368e+08    4.03435668e+05    1.47599701e+08
2014-12-10T12:14:33   -4.17920752e+03   -4.86156201e+03   -3.30164355e+03   -3.02786325e+07   -1.32282285e+08   -5.73465947e+07   -2.25520460e+05    3.16163528e+05    1.00192364e+05    1.47316369e+08    4.03435333e+05    1.47599700e+08
2014-12-10T12:14:34   -4.17799512e+03   -4.85818506e+03   -3.30815308e+03   -3.02786029e+07   -1.32282291e+08   -5.73465971e+07   -2.25521287e+05    3.16163037e+05    1.00192177e+05    1.47316370e+08    4.03434996e+05    1.47599699e+08
2014-12-10T12:14:35   -4.17677832e+03   -4.85480371e+03   -3.31465894e+03   -3.02785733e+07   -1.32282296e+08   -5.73465995e+07   -2.25522113e+05    3.16162546e+05    1.00191989e+05    1.47316370e+08    4.03434656e+05    1.47599699e+08
2014-12-10T12:14:36   -4.17555664e+03   -4.85141650e+03   -3.32116187e+03   -3.02785437e+07   -1.32282302e+08   -5.73466019e+07   -2.25522940e+05    3.16162054e+05    1.00191802e+05    1.47316371e+08    4.03434315e+05    1.47599698e+08
2014-12-10T12:14:37   -4.17433105e+03   -4.84802441e+03   -3.32766064e+03   -3.02785140e+07   -1.32282307e+08   -5.73466043e+07   -2.25523766e+05    3.16161563e+05    1.00191614e+05    1.47316371e+08    4.03433970e+05    1.47599697e+08
2014-12-10T12:14:38   -4.17310107e+03   -4.84462695e+03   -3.33415625e+03   -3.02784844e+07   -1.32282313e+08   -5.73466067e+07   -2.25524592e+05    3.16161072e+05    1.00191427e+05    1.47316372e+08    4.03433623e+05    1.47599696e+08
2014-12-10T12:14:39   -4.17186670e+03   -4.84122461e+03   -3.34064819e+03   -3.02784548e+07   -1.32282318e+08   -5.73466091e+07   -2.25525419e+05    3.16160581e+05    1.00191239e+05    1.47316372e+08    4.03433273e+05    1.47599695e+08
2014-12-10T12:14:40   -4.17062744e+03   -4.83781689e+03   -3.34713647e+03   -3.02784252e+07   -1.32282324e+08   -5.73466115e+07   -2.25526245e+05    3.16160090e+05    1.00191052e+05    1.47316373e+08    4.03432922e+05    1.47599694e+08
2014-12-10T12:14:41   -4.16938428e+03   -4.83440430e+03   -3.35362134e+03   -3.02783955e+07   -1.32282329e+08   -5.73466139e+07   -2.25527072e+05    3.16159599e+05    1.00190864e+05    1.47316374e+08    4.03432567e+05    1.47599694e+08
2014-12-10T12:14:42   -4.16813574e+03   -4.83098682e+03   -3.36010278e+03   -3.02783659e+07   -1.32282335e+08   -5.73466163e+07   -2.25527898e+05    3.16159108e+05    1.00190677e+05    1.47316374e+08    4.03432211e+05    1.47599693e+08
2014-12-10T12:14:43   -4.16688379e+03   -4.82756396e+03   -3.36657983e+03   -3.02783363e+07   -1.32282340e+08   -5.73466187e+07   -2.25528725e+05    3.16158617e+05    1.00190489e+05    1.47316375e+08    4.03431852e+05    1.47599692e+08
2014-12-10T12:14:44   -4.16562695e+03   -4.82413574e+03   -3.37305420e+03   -3.02783067e+07   -1.32282346e+08   -5.73466211e+07   -2.25529551e+05    3.16158126e+05    1.00190302e+05    1.47316375e+08    4.03431491e+05    1.47599691e+08
2014-12-10T12:14:45   -4.16436572e+03   -4.82070361e+03   -3.37952441e+03   -3.02782770e+07   -1.32282351e+08   -5.73466235e+07   -2.25530377e+05    3.16157634e+05    1.00190114e+05    1.47316376e+08    4.03431128e+05    1.47599690e+08
2014-12-10T12:14:46   -4.16310010e+03   -4.81726465e+03   -3.38599170e+03   -3.02782474e+07   -1.32282357e+08   -5.73466258e+07   -2.25531204e+05    3.16157143e+05    1.00189927e+05    1.47316377e+08    4.03430761e+05    1.47599689e+08
2014-12-10T12:14:47   -4.16183008e+03   -4.81382129e+03   -3.39245459e+03   -3.02782178e+07   -1.32282362e+08   -5.73466282e+07   -2.25532030e+05    3.16156652e+05    1.00189739e+05    1.47316377e+08    4.03430392e+05    1.47599689e+08
2014-12-10T12:14:48   -4.16055566e+03   -4.81037256e+03   -3.39891455e+03   -3.02781881e+07   -1.32282368e+08   -5.73466306e+07   -2.25532857e+05    3.16156161e+05    1.00189552e+05    1.47316378e+08    4.03430021e+05    1.47599688e+08
2014-12-10T12:14:49   -4.15927686e+03   -4.80691895e+03   -3.40537061e+03   -3.02781585e+07   -1.32282373e+08   -5.73466330e+07   -2.25533683e+05    3.16155670e+05    1.00189364e+05    1.47316379e+08    4.03429647e+05    1.47599687e+08
2014-12-10T12:14:50   -4.15799365e+03   -4.80346045e+03   -3.41182275e+03   -3.02781289e+07   -1.32282379e+08   -5.73466354e+07   -2.25534509e+05    3.16155179e+05    1.00189177e+05    1.47316379e+08    4.03429271e+05    1.47599686e+08
2014-12-10T12:14:51   -4.15670605e+03   -4.79999658e+03   -3.41827148e+03   -3.02780993e+07   -1.32282385e+08   -5.73466378e+07   -2.25535336e+05    3.16154688e+05    1.00188989e+05    1.47316380e+08    4.03428893e+05    1.47599685e+08
2014-12-10T12:14:52   -4.15541357e+03   -4.79652734e+03   -3.42471655e+03   -3.02780696e+07   -1.32282390e+08   -5.73466402e+07   -2.25536162e+05    3.16154197e+05    1.00188802e+05    1.47316381e+08    4.03428512e+05    1.47599684e+08
2014-12-10T12:14:53   -4.15411670e+03   -4.79305371e+03   -3.43115820e+03   -3.02780400e+07   -1.32282396e+08   -5.73466426e+07   -2.25536989e+05    3.16153705e+05    1.00188614e+05    1.47316381e+08    4.03428129e+05    1.47599684e+08
2014-12-10T12:14:54   -4.15281592e+03   -4.78957471e+03   -3.43759570e+03   -3.02780104e+07   -1.32282401e+08   -5.73466450e+07   -2.25537815e+05    3.16153214e+05    1.00188427e+05    1.47316382e+08    4.03427743e+05    1.47599683e+08
2014-12-10T12:14:55   -4.15151074e+03   -4.78609033e+03   -3.44403003e+03   -3.02779808e+07   -1.32282407e+08   -5.73466474e+07   -2.25538641e+05    3.16152723e+05    1.00188239e+05    1.47316383e+08    4.03427355e+05    1.47599682e+08
2014-12-10T12:14:56   -4.15020117e+03   -4.78260107e+03   -3.45046069e+03   -3.02779511e+07   -1.32282412e+08   -5.73466498e+07   -2.25539468e+05    3.16152232e+05    1.00188052e+05    1.47316383e+08    4.03426965e+05    1.47599681e+08
2014-12-10T12:14:57   -4.14888672e+03   -4.77910645e+03   -3.45688721e+03   -3.02779215e+07   -1.32282418e+08   -5.73466522e+07   -2.25540294e+05    3.16151741e+05    1.00187864e+05    1.47316384e+08    4.03426571e+05    1.47599680e+08
2014-12-10T12:14:58   -4.14756836e+03   -4.77560693e+03   -3.46331030e+03   -3.02778919e+07   -1.32282423e+08   -5.73466546e+07   -2.25541121e+05    3.16151250e+05    1.00187677e+05    1.47316385e+08    4.03426176e+05    1.47599680e+08
2014-12-10T12:14:59   -4.14624512e+03   -4.77210205e+03   -3.46972949e+03   -3.02778622e+07   -1.32282429e+08   -5.73466569e+07   -2.25541947e+05    3.16150759e+05    1.00187489e+05    1.47316385e+08    4.03425778e+05    1.47599679e+08
